1 11783.182901000002 11781.287458 11788.584799
2 6005.6663017 6002.451229 6008.219118
3 4342.5352613000005 4207.817536 4632.220297
4 3329.1403489000004 3109.996385 3646.595571
5 2751.3007881999997 2670.907548 2800.997916
6 2307.9058957 2267.66436 2369.643166
7 2045.1207884 2013.642305 2099.589289
8 1800.2149125000003 1768.984688 1826.294263
9 1624.3741174000002 1608.364331 1648.043833
10 1487.8996693000001 1470.214647 1510.32817
12 1247.9123075 1230.232491 1260.041925
14 1052.747791 1045.291361 1062.214027
16 920.3936385000001 917.121839 924.321834
18 820.7224636999999 814.919341 826.999862
20 741.1182463 734.402834 748.726036
22 675.1586798000001 669.485063 682.350869
24 619.2759679000001 613.886067 627.501502
