1 11838.8822541 11807.931183 12103.314365
2 6038.7520775 6016.42188 6100.822135
3 4373.014158200001 4135.312013 4570.717563
4 3332.0580665 3093.687396 3719.189199
5 2783.8605335 2712.681619 2858.68525
6 2349.9363136 2267.299212 2477.059001
7 2062.142028 2031.10285 2096.606932
8 1803.0215812 1723.292069 1874.339079
9 1629.7441074000003 1584.883503 1654.2278
10 1475.5401852999998 1441.842304 1503.331382
12 1237.4102152 1226.048734 1259.969876
14 1051.9887089 1045.932306 1062.378626
16 917.4579049 915.589039 921.338275
18 817.8311504 816.511975 823.832854
20 735.8504651000001 734.769565 739.746573
22 669.7099587 668.037258 676.715421
24 616.4259379000001 614.617461 618.314126
