1 11810.145189100002 11784.062753 12006.626635
2 6035.0687845 5894.221203 6192.781354
3 3962.6900973 3930.93859 4042.618881
4 3103.9293105999996 2996.811221 3299.499413
5 2639.6520152999997 2455.231813 2718.462194
6 2245.7848755 2177.008649 2324.342411
7 1947.1718335 1920.27755 1991.356429
8 1711.7025959999999 1667.006166 1785.148818
9 1546.9584967 1478.454947 1581.771172
10 1406.3944363000003 1382.070936 1424.934879
11 1297.6740397999997 1264.18014 1334.063975
12 1209.7847517 1180.677277 1228.600919
13 1120.5761919000001 1109.45388 1134.110572
14 1043.7933368000001 1035.47888 1061.827132
15 974.5347059 970.218583 992.411542
16 911.7559735000002 905.673622 921.974508
17 858.5154144 856.050736 867.461838
18 812.3514818 808.972198 822.911864
19 769.9461099000001 766.682471 783.446718
20 731.0471795000001 729.443304 735.792572
21 698.5325703000001 695.223459 717.470445
22 667.1929666999999 664.507566 670.882568
23 637.498554 635.966006 640.409633
24 616.5637396 612.745937 620.258881
