1 11812.6656695 11811.598684 11815.452854
2 5979.503761800001 5907.63762 6119.475225
3 4366.593239 4007.152525 4572.351679
4 3233.1734463999996 2983.173097 3766.391309
5 2734.6202482 2556.136176 2914.631098
6 2319.8062280999998 2209.107555 2438.12355
7 2009.2222605999996 1937.230236 2074.21547
8 1737.3989316 1716.624909 1772.960689
9 1628.1008964 1584.262041 1690.570034
10 1464.1059551000003 1435.07796 1503.639857
12 1253.7997946 1230.715582 1286.004886
14 1082.9652793999999 1071.803131 1094.718243
16 946.8166769 933.428538 966.462954
18 857.2056776000002 840.121326 871.852835
20 771.0058593000001 754.934414 788.970615
22 704.6388456000001 684.21895 726.468429
24 655.6168296000001 643.886229 664.888087
