1 11899.1233717 11830.118701 12276.868731
2 5954.3700377 5918.68174 6153.483648
3 4108.841410499999 3947.966949 4673.317362
4 3081.3133208 2985.06326 3167.701581
5 2566.2678974999994 2527.162601 2654.371773
6 2220.5087560999996 2150.144593 2259.185917
7 1955.6189636 1854.342458 2049.157424
8 1735.2152570000003 1672.49679 1790.671873
9 1552.8031691 1494.363526 1595.153745
10 1436.3283927 1426.719387 1479.693994
11 1328.9043295 1304.329507 1348.731078
12 1219.9524582999998 1199.411104 1243.02444
13 1127.5801877000001 1111.695445 1140.616457
14 1052.6297998000002 1048.550536 1065.094987
15 983.2394168999999 974.457329 1004.598875
16 922.7284115 917.111007 928.265229
17 869.1057837000001 863.526552 879.347705
18 822.5813858999998 820.067808 826.076427
19 779.8567856 775.74591 784.795821
20 740.0804743 735.571265 748.824048
21 709.0734934 699.847718 730.020565
22 677.1146131999999 672.365172 684.783965
23 648.2398556 643.272089 655.895851
24 620.8526279 614.072478 635.396558
