1 12032.013939 12029.382084 12040.079258
2 6100.7009143000005 5961.779197 6203.94967
3 4561.262595099999 4382.732177 4726.294376
4 3526.5946187 3203.486426 3763.15258
5 2780.6685313000003 2685.597952 2890.966918
6 2352.7571388 2277.582058 2441.384234
7 2073.7622132999995 2013.490964 2113.626466
8 1815.7848185999999 1762.815977 1873.405128
9 1638.1189945 1599.836908 1681.817438
10 1465.4010266 1430.505971 1511.434415
12 1235.6761001 1226.390936 1254.17374
14 1055.0247902 1046.584747 1062.899278
16 935.3716682 912.626597 1009.033754
18 826.1246720000001 812.097198 842.555208
20 747.2841917 730.594697 778.184828
22 678.3311775 666.673219 705.333504
24 625.3442877 611.913344 645.479046
