1 12039.1162141 11803.508127 12234.216959
2 5977.786417300001 5898.1753 6017.299771
3 4139.2924529 3964.155774 4345.518258
4 3190.0050541 3060.388612 3329.137895
5 2673.3260099999998 2546.082942 2736.041838
6 2263.4719548 2136.827446 2351.095338
7 1998.7111516 1821.950446 2114.07159
8 1778.5284299000002 1649.52809 1824.641308
9 1619.0081986999999 1574.096407 1681.607392
10 1480.0220120999998 1418.533572 1534.056193
11 1365.48584 1336.972376 1409.232456
12 1261.8692427 1198.97461 1304.689428
13 1165.8564116 1099.964882 1223.192179
14 1092.8698809000002 1041.983464 1137.142622
15 1020.8898364 969.847268 1094.108008
16 968.0911097999999 911.392407 1036.870467
17 914.3601853 856.715911 1004.938307
18 857.0498802 809.230525 940.290687
19 814.3552694 767.184866 895.839371
20 780.7201388000001 730.016722 878.439668
21 742.9771304 695.076419 829.984118
22 713.2085551 664.241526 810.694427
23 685.5604837 637.928078 789.689508
24 661.7853032 610.793832 784.162196
