1 11798.4789521 11775.521528 11990.739004
2 11798.596528099999 11775.656574 11989.504051
3 11795.4480846 11774.957328 11978.056776
4 11798.035647 11775.601648 11989.331208
5 11780.855602500002 11774.521328 11835.849507
6 11792.3474236 11774.507273 11951.748809
7 11797.1528272 11775.723037 11984.90409
8 11793.976736100001 11774.448137 11968.937882
9 11797.4814135 11775.608861 11983.977114
10 11796.626916300002 11774.946419 11988.466796
12 11795.117563400001 11775.729833 11961.119451
14 11796.10577 11775.248758 11970.220925
16 11780.4879429 11774.944288 11829.328022
18 11778.0110627 11774.887319 11805.206565
20 11775.2522532 11774.903177 11776.199501
22 11775.1756846 11774.839036 11776.070357
24 11774.8524278 11774.537358 11776.145365
