1 12332.2830437 12269.607219 12517.271468
2 6557.5920648 5997.041279 7457.970145
3 4923.8083809 4812.534475 5323.824565
4 3610.9697232999997 3241.181629 3958.037442
5 2945.6017034 2859.54377 3085.901028
6 2433.0643302999997 2258.454426 2691.086981
7 2118.1800622 2056.307687 2233.92774
8 1881.4189044000002 1749.235321 2027.420072
9 1673.2062219 1610.365294 1741.796575
10 1473.6385179 1411.907884 1533.55126
11 1350.9156533 1281.589509 1412.890883
12 1232.5395248999998 1212.904901 1272.707471
13 1137.451729 1106.627526 1160.804181
14 1055.1625551000002 1044.098035 1081.367169
15 983.8681703000002 972.97266 1007.539643
16 918.7063294 913.71088 922.862736
17 862.1856110000001 857.796408 865.611795
18 816.9545033 813.319933 822.560734
19 772.0249865 768.155181 779.368294
20 738.1459672 729.367687 745.259858
21 701.2422180000001 695.251978 708.487593
22 672.1556621999999 666.295609 678.200075
23 645.2152781 636.761276 658.789666
24 629.1548636 616.167061 648.460562
